 ---------------------------------------------------
 ab initio multiple spawning dynamics
 ---------------------------------------------------

 *************
 input summary
 *************

 file paths
 ---------------------------------------
 home_path   = /home/schuurm/FMS/FMSpy.tests/c2h4.mpi/seed.1.hessian
 scr_path    = n78s1:/tmp/schuurm/FMSpy/41391

 fms simulation keywords
 ----------------------------------------

 ** nuclear_basis **
 labels               = ['O', 'O', 'O', 'C', 'C', 'C', 'C', 'C', 'C', 'C', 'C', 'C', 'H', 'H', 'H', 'H', 'H', 'H', 'H', 'H', 'H', 'H', 'H', 'H', 'H', 'H', 'H', 'H', 'H', 'H']
 geometries           = [[0.0, 0.0, 2.50458029, 0.0, 0.0, 0.19536475, 0.0, 2.44788241, -1.33175742, 0.0, -2.44788241, -1.33175742, 0.0, 4.08196468, -0.03986615, 0.0, -4.08196468, -0.03986615, -1.68430414, 2.52316625, -2.57048351, 1.68430414, -2.52316625, -2.57048351, 1.68430414, 2.52316625, -2.57048351, -1.68430414, -2.52316625, -2.57048351]]
 geomfile             = geometry.dat        
 init_amp_overlap     = True                
 amplitudes           = [(1+0j)]            
 hessian              = [[  2.20671024e-02   0.00000000e+00   0.00000000e+00  -6.57526631e-02
    0.00000000e+00   0.00000000e+00   2.43312652e-02   0.00000000e+00
    0.00000000e+00   2.43312652e-02   0.00000000e+00   0.00000000e+00
   -1.16558400e-03   0.00000000e+00   0.00000000e+00  -1.16558400e-03
    0.00000000e+00   0.00000000e+00  -6.61450400e-04  -3.44057300e-03
    2.29909450e-03  -6.61450400e-04  -3.44057300e-03  -2.29909450e-03
   -6.61450400e-04   3.44057300e-03  -2.29909450e-03  -6.61450400e-04
    3.44057300e-03   2.29909450e-03]
 [  0.00000000e+00   9.43210037e-02   0.00000000e+00   0.00000000e+00
   -1.08528571e-01   0.00000000e+00   0.00000000e+00   8.63557810e-03
    3.97773662e-02   0.00000000e+00   8.63557810e-03  -3.97773662e-02
    0.00000000e+00   5.67006430e-03  -1.47858840e-03   0.00000000e+00
    5.67006430e-03   1.47858840e-03   2.37271000e-04  -3.60092950e-03
    4.55121850e-03   2.37271000e-04  -3.60092950e-03  -4.55121850e-03
   -2.37271000e-04  -3.60092950e-03   4.55121850e-03  -2.37271000e-04
   -3.60092950e-03  -4.55121850e-03]
 [  0.00000000e+00   0.00000000e+00   8.21692355e-01   0.00000000e+00
    0.00000000e+00  -7.31247761e-01   0.00000000e+00   1.50568326e-02
   -4.32361042e-02   0.00000000e+00  -1.50568326e-02  -4.32361042e-02
    0.00000000e+00  -6.04221900e-04   1.85267530e-03   0.00000000e+00
    6.04221900e-04   1.85267530e-03   9.23493100e-04   3.17757290e-03
   -1.91943420e-03  -9.23493100e-04  -3.17757290e-03  -1.91943420e-03
   -9.23493100e-04   3.17757290e-03  -1.91943420e-03   9.23493100e-04
   -3.17757290e-03  -1.91943420e-03]
 [ -6.57526631e-02   0.00000000e+00   0.00000000e+00   2.34098477e-01
    0.00000000e+00   0.00000000e+00  -8.52293667e-02   0.00000000e+00
    0.00000000e+00  -8.52293667e-02   0.00000000e+00   0.00000000e+00
   -1.31883840e-03   0.00000000e+00   0.00000000e+00  -1.31883840e-03
    0.00000000e+00   0.00000000e+00   1.18764910e-03   2.55372858e-02
   -1.42425998e-02   1.18764910e-03   2.55372858e-02   1.42425998e-02
    1.18764910e-03  -2.55372858e-02   1.42425998e-02   1.18764910e-03
   -2.55372858e-02  -1.42425998e-02]
 [  0.00000000e+00  -1.08528571e-01   0.00000000e+00   0.00000000e+00
    5.16767773e-01   0.00000000e+00   0.00000000e+00  -1.89701156e-01
    3.90398248e-02   0.00000000e+00  -1.89701156e-01  -3.90398248e-02
    0.00000000e+00  -2.33033985e-02   1.63939875e-02   0.00000000e+00
   -2.33033985e-02  -1.63939875e-02  -2.36101740e-03   4.44247090e-03
   -3.40609230e-03  -2.36101740e-03   4.44247090e-03   3.40609230e-03
    2.36101740e-03   4.44247090e-03  -3.40609230e-03   2.36101740e-03
    4.44247090e-03   3.40609230e-03]
 [  0.00000000e+00   0.00000000e+00  -7.31247761e-01   0.00000000e+00
    0.00000000e+00   9.53472805e-01   0.00000000e+00   3.98225925e-02
   -9.80663647e-02   0.00000000e+00  -3.98225925e-02  -9.80663647e-02
    0.00000000e+00  -2.29951428e-02   1.03808123e-02   0.00000000e+00
    2.29951428e-02   1.03808123e-02   1.94710900e-03   1.45538983e-02
   -1.17134844e-02  -1.94710900e-03  -1.45538983e-02  -1.17134844e-02
   -1.94710900e-03   1.45538983e-02  -1.17134844e-02   1.94710900e-03
   -1.45538983e-02  -1.17134844e-02]
 [  2.43312652e-02   0.00000000e+00   0.00000000e+00  -8.52293667e-02
    0.00000000e+00   0.00000000e+00   5.27821948e-01   0.00000000e+00
    0.00000000e+00   1.66511416e-02   0.00000000e+00   0.00000000e+00
   -4.73923826e-02   0.00000000e+00   0.00000000e+00   9.26806800e-04
    0.00000000e+00   0.00000000e+00  -2.18190566e-01   1.09493788e-02
   -1.33166787e-01  -3.64140800e-04  -2.46076140e-03  -1.17840000e-03
   -2.18190566e-01  -1.09493788e-02   1.33166787e-01  -3.64140800e-04
    2.46076140e-03   1.17840000e-03]
 [  0.00000000e+00   8.63557810e-03   1.50568326e-02   0.00000000e+00
   -1.89701156e-01   3.98225925e-02   0.00000000e+00   5.20206134e-01
    6.51212041e-02   0.00000000e+00  -2.24967410e-02   1.45680479e-02
    0.00000000e+00  -2.16853694e-01  -1.40557760e-01   0.00000000e+00
   -3.80680670e-03  -2.58871210e-03   8.19386620e-03  -4.80863963e-02
    3.79871230e-03  -8.77237000e-05   9.47279000e-05   4.90185800e-04
   -8.19386620e-03  -4.80863963e-02   3.79871230e-03   8.77237000e-05
    9.47279000e-05   4.90185800e-04]
 [  0.00000000e+00   3.97773662e-02  -4.32361042e-02   0.00000000e+00
    3.90398248e-02  -9.80663647e-02   0.00000000e+00   6.51212041e-02
    5.58417805e-01   0.00000000e+00  -1.45680479e-02   1.26511186e-02
    0.00000000e+00  -1.35141016e-01  -1.56216725e-01   0.00000000e+00
   -5.05764510e-03  -1.77815260e-03  -1.30239140e-01   4.15989020e-03
   -1.36098985e-01   1.20350900e-04   1.25426850e-03   2.13198400e-04
    1.30239140e-01   4.15989020e-03  -1.36098985e-01  -1.20350900e-04
    1.25426850e-03   2.13198400e-04]
 [  2.43312652e-02   0.00000000e+00   0.00000000e+00  -8.52293667e-02
    0.00000000e+00   0.00000000e+00   1.66511416e-02   0.00000000e+00
    0.00000000e+00   5.27821948e-01   0.00000000e+00   0.00000000e+00
    9.26806800e-04   0.00000000e+00   0.00000000e+00  -4.73923826e-02
    0.00000000e+00   0.00000000e+00  -3.64140800e-04  -2.46076140e-03
    1.17840000e-03  -2.18190566e-01   1.09493788e-02   1.33166787e-01
   -3.64140800e-04   2.46076140e-03  -1.17840000e-03  -2.18190566e-01
   -1.09493788e-02  -1.33166787e-01]
 [  0.00000000e+00   8.63557810e-03  -1.50568326e-02   0.00000000e+00
   -1.89701156e-01  -3.98225925e-02   0.00000000e+00  -2.24967410e-02
   -1.45680479e-02   0.00000000e+00   5.20206134e-01  -6.51212041e-02
    0.00000000e+00  -3.80680670e-03   2.58871210e-03   0.00000000e+00
   -2.16853694e-01   1.40557760e-01  -8.77237000e-05   9.47279000e-05
   -4.90185800e-04   8.19386620e-03  -4.80863963e-02  -3.79871230e-03
    8.77237000e-05   9.47279000e-05  -4.90185800e-04  -8.19386620e-03
   -4.80863963e-02  -3.79871230e-03]
 [  0.00000000e+00  -3.97773662e-02  -4.32361042e-02   0.00000000e+00
   -3.90398248e-02  -9.80663647e-02   0.00000000e+00   1.45680479e-02
    1.26511186e-02   0.00000000e+00  -6.51212041e-02   5.58417805e-01
    0.00000000e+00   5.05764510e-03  -1.77815260e-03   0.00000000e+00
    1.35141016e-01  -1.56216725e-01  -1.20350900e-04  -1.25426850e-03
    2.13198400e-04   1.30239140e-01  -4.15989020e-03  -1.36098985e-01
    1.20350900e-04  -1.25426850e-03   2.13198400e-04  -1.30239140e-01
   -4.15989020e-03  -1.36098985e-01]
 [ -1.16558400e-03   0.00000000e+00   0.00000000e+00  -1.31883840e-03
    0.00000000e+00   0.00000000e+00  -4.73923826e-02   0.00000000e+00
    0.00000000e+00   9.26806800e-04   0.00000000e+00   0.00000000e+00
    4.54128053e-02   0.00000000e+00   0.00000000e+00   5.35894600e-04
    0.00000000e+00   0.00000000e+00   1.28757620e-03  -2.11573827e-02
   -1.49155379e-02   2.13073700e-04  -2.79375600e-04  -3.22693000e-04
    1.28757620e-03   2.11573827e-02   1.49155379e-02   2.13073700e-04
    2.79375600e-04   3.22693000e-04]
 [  0.00000000e+00   5.67006430e-03  -6.04221900e-04   0.00000000e+00
   -2.33033985e-02  -2.29951428e-02   0.00000000e+00  -2.16853694e-01
   -1.35141016e-01   0.00000000e+00  -3.80680670e-03   5.05764510e-03
    0.00000000e+00   2.34117281e-01   1.47789579e-01   0.00000000e+00
   -1.54476390e-03  -8.53425100e-04   3.00267300e-04   2.43484480e-03
    3.26908230e-03   8.72628000e-05   4.25817800e-04   1.04208100e-04
   -3.00267300e-04   2.43484480e-03   3.26908230e-03  -8.72628000e-05
    4.25817800e-04   1.04208100e-04]
 [  0.00000000e+00  -1.47858840e-03   1.85267530e-03   0.00000000e+00
    1.63939875e-02   1.03808123e-02   0.00000000e+00  -1.40557760e-01
   -1.56216725e-01   0.00000000e+00   2.58871210e-03  -1.77815260e-03
    0.00000000e+00   1.47789579e-01   1.64470256e-01   0.00000000e+00
    8.53425100e-04   5.36757300e-04   2.28407530e-03  -1.28140051e-02
   -9.57045500e-03  -1.24769100e-04   1.93301000e-05  -5.23567000e-05
   -2.28407530e-03  -1.28140051e-02  -9.57045500e-03   1.24769100e-04
    1.93301000e-05  -5.23567000e-05]
 [ -1.16558400e-03   0.00000000e+00   0.00000000e+00  -1.31883840e-03
    0.00000000e+00   0.00000000e+00   9.26806800e-04   0.00000000e+00
    0.00000000e+00  -4.73923826e-02   0.00000000e+00   0.00000000e+00
    5.35894600e-04   0.00000000e+00   0.00000000e+00   4.54128053e-02
    0.00000000e+00   0.00000000e+00   2.13073700e-04  -2.79375600e-04
    3.22693000e-04   1.28757620e-03  -2.11573827e-02   1.49155379e-02
    2.13073700e-04   2.79375600e-04  -3.22693000e-04   1.28757620e-03
    2.11573827e-02  -1.49155379e-02]
 [  0.00000000e+00   5.67006430e-03   6.04221900e-04   0.00000000e+00
   -2.33033985e-02   2.29951428e-02   0.00000000e+00  -3.80680670e-03
   -5.05764510e-03   0.00000000e+00  -2.16853694e-01   1.35141016e-01
    0.00000000e+00  -1.54476390e-03   8.53425100e-04   0.00000000e+00
    2.34117281e-01  -1.47789579e-01   8.72628000e-05   4.25817800e-04
   -1.04208100e-04   3.00267300e-04   2.43484480e-03  -3.26908230e-03
   -8.72628000e-05   4.25817800e-04  -1.04208100e-04  -3.00267300e-04
    2.43484480e-03  -3.26908230e-03]
 [  0.00000000e+00   1.47858840e-03   1.85267530e-03   0.00000000e+00
   -1.63939875e-02   1.03808123e-02   0.00000000e+00  -2.58871210e-03
   -1.77815260e-03   0.00000000e+00   1.40557760e-01  -1.56216725e-01
    0.00000000e+00  -8.53425100e-04   5.36757300e-04   0.00000000e+00
   -1.47789579e-01   1.64470256e-01   1.24769100e-04  -1.93301000e-05
   -5.23567000e-05  -2.28407530e-03   1.28140051e-02  -9.57045500e-03
   -1.24769100e-04  -1.93301000e-05  -5.23567000e-05   2.28407530e-03
    1.28140051e-02  -9.57045500e-03]
 [ -6.61450400e-04   2.37271000e-04   9.23493100e-04   1.18764910e-03
   -2.36101740e-03   1.94710900e-03  -2.18190566e-01   8.19386620e-03
   -1.30239140e-01  -3.64140800e-04  -8.77237000e-05  -1.20350900e-04
    1.28757620e-03   3.00267300e-04   2.28407530e-03   2.13073700e-04
    8.72628000e-05   1.24769100e-04   2.35959385e-01  -7.76755160e-03
    1.41666897e-01  -9.54508000e-05   8.30180000e-06  -9.57552000e-05
   -1.98457750e-02   1.38372110e-03  -1.66265915e-02   5.09698700e-04
    5.60090000e-06   1.35494300e-04]
 [ -3.44057300e-03  -3.60092950e-03   3.17757290e-03   2.55372858e-02
    4.44247090e-03   1.45538983e-02   1.09493788e-02  -4.80863963e-02
    4.15989020e-03  -2.46076140e-03   9.47279000e-05  -1.25426850e-03
   -2.11573827e-02   2.43484480e-03  -1.28140051e-02  -2.79375600e-04
    4.25817800e-04  -1.93301000e-05  -7.76755160e-03   4.60674157e-02
   -6.40738630e-03   8.30180000e-06   2.05630400e-04   2.03617500e-04
   -1.38372110e-03  -4.71897600e-04  -1.30375610e-03  -5.60090000e-06
   -1.51168410e-03  -2.96232900e-04]
 [  2.29909450e-03   4.55121850e-03  -1.91943420e-03  -1.42425998e-02
   -3.40609230e-03  -1.17134844e-02  -1.33166787e-01   3.79871230e-03
   -1.36098985e-01   1.17840000e-03  -4.90185800e-04   2.13198400e-04
   -1.49155379e-02   3.26908230e-03  -9.57045500e-03   3.22693000e-04
   -1.04208100e-04  -5.23567000e-05   1.41666897e-01  -6.40738630e-03
    1.46642736e-01   9.57552000e-05  -2.03617500e-04  -1.71060000e-05
    1.66265915e-02  -1.30375610e-03   1.18592354e-02   1.35494300e-04
    2.96232900e-04   6.56651800e-04]
 [ -6.61450400e-04   2.37271000e-04  -9.23493100e-04   1.18764910e-03
   -2.36101740e-03  -1.94710900e-03  -3.64140800e-04  -8.77237000e-05
    1.20350900e-04  -2.18190566e-01   8.19386620e-03   1.30239140e-01
    2.13073700e-04   8.72628000e-05  -1.24769100e-04   1.28757620e-03
    3.00267300e-04  -2.28407530e-03  -9.54508000e-05   8.30180000e-06
    9.57552000e-05   2.35959385e-01  -7.76755160e-03  -1.41666897e-01
    5.09698700e-04   5.60090000e-06  -1.35494300e-04  -1.98457750e-02
    1.38372110e-03   1.66265915e-02]
 [ -3.44057300e-03  -3.60092950e-03  -3.17757290e-03   2.55372858e-02
    4.44247090e-03  -1.45538983e-02  -2.46076140e-03   9.47279000e-05
    1.25426850e-03   1.09493788e-02  -4.80863963e-02  -4.15989020e-03
   -2.79375600e-04   4.25817800e-04   1.93301000e-05  -2.11573827e-02
    2.43484480e-03   1.28140051e-02   8.30180000e-06   2.05630400e-04
   -2.03617500e-04  -7.76755160e-03   4.60674157e-02   6.40738630e-03
   -5.60090000e-06  -1.51168410e-03   2.96232900e-04  -1.38372110e-03
   -4.71897600e-04   1.30375610e-03]
 [ -2.29909450e-03  -4.55121850e-03  -1.91943420e-03   1.42425998e-02
    3.40609230e-03  -1.17134844e-02  -1.17840000e-03   4.90185800e-04
    2.13198400e-04   1.33166787e-01  -3.79871230e-03  -1.36098985e-01
   -3.22693000e-04   1.04208100e-04  -5.23567000e-05   1.49155379e-02
   -3.26908230e-03  -9.57045500e-03  -9.57552000e-05   2.03617500e-04
   -1.71060000e-05  -1.41666897e-01   6.40738630e-03   1.46642736e-01
   -1.35494300e-04  -2.96232900e-04   6.56651800e-04  -1.66265915e-02
    1.30375610e-03   1.18592354e-02]
 [ -6.61450400e-04  -2.37271000e-04  -9.23493100e-04   1.18764910e-03
    2.36101740e-03  -1.94710900e-03  -2.18190566e-01  -8.19386620e-03
    1.30239140e-01  -3.64140800e-04   8.77237000e-05   1.20350900e-04
    1.28757620e-03  -3.00267300e-04  -2.28407530e-03   2.13073700e-04
   -8.72628000e-05  -1.24769100e-04  -1.98457750e-02  -1.38372110e-03
    1.66265915e-02   5.09698700e-04  -5.60090000e-06  -1.35494300e-04
    2.35959385e-01   7.76755160e-03  -1.41666897e-01  -9.54508000e-05
   -8.30180000e-06   9.57552000e-05]
 [  3.44057300e-03  -3.60092950e-03   3.17757290e-03  -2.55372858e-02
    4.44247090e-03   1.45538983e-02  -1.09493788e-02  -4.80863963e-02
    4.15989020e-03   2.46076140e-03   9.47279000e-05  -1.25426850e-03
    2.11573827e-02   2.43484480e-03  -1.28140051e-02   2.79375600e-04
    4.25817800e-04  -1.93301000e-05   1.38372110e-03  -4.71897600e-04
   -1.30375610e-03   5.60090000e-06  -1.51168410e-03  -2.96232900e-04
    7.76755160e-03   4.60674157e-02  -6.40738630e-03  -8.30180000e-06
    2.05630400e-04   2.03617500e-04]
 [ -2.29909450e-03   4.55121850e-03  -1.91943420e-03   1.42425998e-02
   -3.40609230e-03  -1.17134844e-02   1.33166787e-01   3.79871230e-03
   -1.36098985e-01  -1.17840000e-03  -4.90185800e-04   2.13198400e-04
    1.49155379e-02   3.26908230e-03  -9.57045500e-03  -3.22693000e-04
   -1.04208100e-04  -5.23567000e-05  -1.66265915e-02  -1.30375610e-03
    1.18592354e-02  -1.35494300e-04   2.96232900e-04   6.56651800e-04
   -1.41666897e-01  -6.40738630e-03   1.46642736e-01  -9.57552000e-05
   -2.03617500e-04  -1.71060000e-05]
 [ -6.61450400e-04  -2.37271000e-04   9.23493100e-04   1.18764910e-03
    2.36101740e-03   1.94710900e-03  -3.64140800e-04   8.77237000e-05
   -1.20350900e-04  -2.18190566e-01  -8.19386620e-03  -1.30239140e-01
    2.13073700e-04  -8.72628000e-05   1.24769100e-04   1.28757620e-03
   -3.00267300e-04   2.28407530e-03   5.09698700e-04  -5.60090000e-06
    1.35494300e-04  -1.98457750e-02  -1.38372110e-03  -1.66265915e-02
   -9.54508000e-05  -8.30180000e-06  -9.57552000e-05   2.35959385e-01
    7.76755160e-03   1.41666897e-01]
 [  3.44057300e-03  -3.60092950e-03  -3.17757290e-03  -2.55372858e-02
    4.44247090e-03  -1.45538983e-02   2.46076140e-03   9.47279000e-05
    1.25426850e-03  -1.09493788e-02  -4.80863963e-02  -4.15989020e-03
    2.79375600e-04   4.25817800e-04   1.93301000e-05   2.11573827e-02
    2.43484480e-03   1.28140051e-02   5.60090000e-06  -1.51168410e-03
    2.96232900e-04   1.38372110e-03  -4.71897600e-04   1.30375610e-03
   -8.30180000e-06   2.05630400e-04  -2.03617500e-04   7.76755160e-03
    4.60674157e-02   6.40738630e-03]
 [  2.29909450e-03  -4.55121850e-03  -1.91943420e-03  -1.42425998e-02
    3.40609230e-03  -1.17134844e-02   1.17840000e-03   4.90185800e-04
    2.13198400e-04  -1.33166787e-01  -3.79871230e-03  -1.36098985e-01
    3.22693000e-04   1.04208100e-04  -5.23567000e-05  -1.49155379e-02
   -3.26908230e-03  -9.57045500e-03   1.35494300e-04  -2.96232900e-04
    6.56651800e-04   1.66265915e-02   1.30375610e-03   1.18592354e-02
    9.57552000e-05   2.03617500e-04  -1.71060000e-05   1.41666897e-01
    6.40738630e-03   1.46642736e-01]]
 widths               = [13.0, 13.0, 13.0, 22.5, 22.5, 22.5, 22.5, 22.5, 22.5, 22.5, 22.5, 22.5, 4.5, 4.5, 4.5, 4.5, 4.5, 4.5, 4.5, 4.5, 4.5, 4.5, 4.5, 4.5, 4.5, 4.5, 4.5, 4.5, 4.5, 4.5]
 momenta              = [[0.0, 0.0, 0.0, 0.0, 0.0, 0.0, 0.0, 0.0, 0.0, 0.0, 0.0, 0.0, 0.0, 0.0, 0.0, 0.0, 0.0, 0.0, 0.0, 0.0, 0.0, 0.0, 0.0, 0.0, 0.0, 0.0, 0.0, 0.0, 0.0, 0.0]]
 hessfile             = hessian.dat         
 masses               = [29156.92196336568, 29156.92196336568, 29156.92196336568, 21874.644, 21874.644, 21874.644, 21874.644, 21874.644, 21874.644, 21874.644, 21874.644, 21874.644, 1837.1511582218188, 1837.1511582218188, 1837.1511582218188, 1837.1511582218188, 1837.1511582218188, 1837.1511582218188, 1837.1511582218188, 1837.1511582218188, 1837.1511582218188, 1837.1511582218188, 1837.1511582218188, 1837.1511582218188, 1837.1511582218188, 1837.1511582218188, 1837.1511582218188, 1837.1511582218188, 1837.1511582218188, 1837.1511582218188]
 freqs                = []                  
 use_atom_lib         = True                


 ** propagate **
 sij_thresh           = 0.5                 
 pop_jump_toler       = 0.0001              
 phase_prop           = True                
 coupled_time_step    = 5.0                 
 integrals            = saddle_point        
 hij_coup_thresh      = 1.0                 
 default_time_step    = 10.0                
 sinv_thrsh           = -1.0                
 matching_pursuit     = False               
 renorm               = False               
 auto                 = True                
 n_states             = 4                   
 norm_thresh          = 10.0                
 propagator           = velocity_verlet     
 energy_jump_toler    = 0.0001              
 pot_shift            = 192.0927014719      
 simulation_time      = 10000.0             


 ** mpi **
 nproc                = 4                   
 parallel             = True                
 comm                 = <mpi4py.MPI.Intracomm object at 0x7efd97f4a708>
 rank                 = 3                   


 ** sampling **
 restart_time         = 0.0                 
 init_states          = [1]                 
 seed                 = 0                   
 init_brightest       = False               
 init_state           = 1                   
 virtual_basis        = False               
 n_init_traj          = 1                   
 init_mode_min_olap   = 0.1                 
 restart              = False               
 init_sampling        = wigner              
 distrib_compression  = 1.0                 


 ** interface **
 ordr_max             = 1                   
 coupling_order       = 1                   
 interface            = columbus            
 mem_per_core         = 1000.0              
 opfile               = fms.op              
 coup_de_thresh       = 0.12                


 ** printing **
 print_level          = 5                   
 print_chkpt          = True                
 print_traj           = True                
 print_es             = True                
 print_matrices       = True                


 ** spawning **
 continuous_min_overlap = 0.5                 
 spawn_pop_thresh     = 0.02                
 spawn_olap_thresh    = 0.8                 
 spawn_coup_thresh    = 0.017               
 spawning             = forward_backward    


 ***********
 propagation
 ***********

 > time:         0.0000 step: 10.0000 [   1 trajectories]
 > time:        10.0000 step: 10.0000 [   1 trajectories]
 > time:        20.0000 step: 10.0000 [   1 trajectories]
 > time:        30.0000 step: 10.0000 [   1 trajectories]
 > time:        40.0000 step: 10.0000 [   1 trajectories]
 > time:        50.0000 step: 10.0000 [   1 trajectories]
 > time:        60.0000 step: 10.0000 [   1 trajectories]
 > time:        70.0000 step: 10.0000 [   1 trajectories]
 > time:        80.0000 step: 10.0000 [   1 trajectories]
 > time:        90.0000 step: 10.0000 [   1 trajectories]
 > time:       100.0000 step: 10.0000 [   1 trajectories]
 > time:       110.0000 step: 10.0000 [   1 trajectories]
 > time:       120.0000 step: 10.0000 [   1 trajectories]
 > time:       130.0000 step: 10.0000 [   1 trajectories]
 > time:       140.0000 step: 10.0000 [   1 trajectories]
 > time:       150.0000 step: 10.0000 [   1 trajectories]
 > time:       160.0000 step: 10.0000 [   1 trajectories]
 > time:       170.0000 step: 10.0000 [   1 trajectories]
 > time:       180.0000 step: 10.0000 [   1 trajectories]
 > time:       190.0000 step: 10.0000 [   1 trajectories]
 > time:       200.0000 step: 10.0000 [   1 trajectories]
 > time:       210.0000 step: 10.0000 [   1 trajectories]
 > time:       220.0000 step: 10.0000 [   1 trajectories]
 > time:       230.0000 step: 10.0000 [   1 trajectories]
 > time:       240.0000 step: 10.0000 [   1 trajectories]
 > time:       250.0000 step: 10.0000 [   1 trajectories]
 > time:       260.0000 step: 10.0000 [   1 trajectories]
 > time:       270.0000 step: 10.0000 [   1 trajectories]
 > time:       280.0000 step: 10.0000 [   1 trajectories]
 > time:       290.0000 step: 10.0000 [   1 trajectories]
 > time:       300.0000 step: 10.0000 [   1 trajectories]
 > time:       310.0000 step: 10.0000 [   1 trajectories]
 > time:       320.0000 step: 10.0000 [   1 trajectories]
 > time:       330.0000 step: 10.0000 [   1 trajectories]
 > time:       340.0000 step: 10.0000 [   1 trajectories]
 > time:       350.0000 step: 10.0000 [   1 trajectories]
 > time:       360.0000 step: 10.0000 [   1 trajectories]
 > time:       370.0000 step: 10.0000 [   1 trajectories]
 > time:       380.0000 step: 10.0000 [   1 trajectories]
 > time:       390.0000 step: 10.0000 [   1 trajectories]
 > time:       400.0000 step: 10.0000 [   1 trajectories]
 > time:       410.0000 step: 10.0000 [   1 trajectories]
 > time:       420.0000 step: 10.0000 [   1 trajectories]
 > time:       430.0000 step: 10.0000 [   1 trajectories]
 > time:       440.0000 step: 10.0000 [   1 trajectories]
 > time:       450.0000 step: 10.0000 [   1 trajectories]
 > time:       460.0000 step: 10.0000 [   1 trajectories]
 > time:       470.0000 step: 10.0000 [   1 trajectories]
 > time:       480.0000 step: 10.0000 [   1 trajectories]
 > time:       490.0000 step: 10.0000 [   1 trajectories]
 > time:       500.0000 step: 10.0000 [   1 trajectories]
 > time:       510.0000 step: 10.0000 [   1 trajectories]
 > time:       520.0000 step: 10.0000 [   1 trajectories]
 > time:       530.0000 step: 10.0000 [   1 trajectories]
 > time:       540.0000 step: 10.0000 [   1 trajectories]
 > time:       550.0000 step: 10.0000 [   1 trajectories]
 > time:       560.0000 step: 10.0000 [   1 trajectories]
 > time:       570.0000 step: 10.0000 [   1 trajectories]
 > time:       580.0000 step: 10.0000 [   1 trajectories]
 > time:       590.0000 step: 10.0000 [   1 trajectories]
 > time:       600.0000 step: 10.0000 [   1 trajectories]
 > time:       610.0000 step: 10.0000 [   1 trajectories]
 > time:       620.0000 step: 10.0000 [   1 trajectories]
 > time:       630.0000 step: 10.0000 [   1 trajectories]
 > time:       640.0000 step: 10.0000 [   1 trajectories]
 > time:       650.0000 step: 10.0000 [   1 trajectories]
 > time:       660.0000 step: 10.0000 [   1 trajectories]
 > time:       670.0000 step: 10.0000 [   1 trajectories]
 > time:       680.0000 step: 10.0000 [   1 trajectories]
 > time:       690.0000 step: 10.0000 [   1 trajectories]
 > time:       700.0000 step: 10.0000 [   1 trajectories]
 > time:       710.0000 step: 10.0000 [   1 trajectories]
 > time:       720.0000 step: 10.0000 [   1 trajectories]
 > time:       730.0000 step: 10.0000 [   1 trajectories]
 > time:       740.0000 step: 10.0000 [   1 trajectories]
 > time:       750.0000 step: 10.0000 [   1 trajectories]
 > time:       760.0000 step: 10.0000 [   1 trajectories]
 > time:       770.0000 step: 10.0000 [   1 trajectories]
 > time:       780.0000 step: 10.0000 [   1 trajectories]
 > time:       790.0000 step: 10.0000 [   1 trajectories]
 > time:       800.0000 step: 10.0000 [   1 trajectories]
 > time:       810.0000 step: 10.0000 [   1 trajectories]
 > time:       820.0000 step: 10.0000 [   1 trajectories]
 > time:       830.0000 step: 10.0000 [   1 trajectories]
 > time:       840.0000 step: 10.0000 [   1 trajectories]
 > time:       850.0000 step: 10.0000 [   1 trajectories]
 > time:       860.0000 step: 10.0000 [   1 trajectories]
 > time:       870.0000 step: 10.0000 [   1 trajectories]
 > time:       880.0000 step: 10.0000 [   1 trajectories]
 > time:       890.0000 step: 10.0000 [   1 trajectories]
 > time:       900.0000 step: 10.0000 [   1 trajectories]
 > time:       910.0000 step: 10.0000 [   1 trajectories]
 > time:       920.0000 step: 10.0000 [   1 trajectories]
 > time:       930.0000 step: 10.0000 [   1 trajectories]
 > time:       940.0000 step: 10.0000 [   1 trajectories]
 > time:       950.0000 step: 10.0000 [   1 trajectories]
 > time:       960.0000 step: 10.0000 [   1 trajectories]
 > time:       970.0000 step: 10.0000 [   1 trajectories]
 > time:       980.0000 step: 10.0000 [   1 trajectories]
 > time:       990.0000 step: 10.0000 [   1 trajectories]
 > time:      1000.0000 step: 10.0000 [   1 trajectories]
 > time:      1010.0000 step: 10.0000 [   1 trajectories]
 > time:      1020.0000 step: 10.0000 [   1 trajectories]
 > time:      1030.0000 step: 10.0000 [   1 trajectories]
 > time:      1040.0000 step: 10.0000 [   1 trajectories]
 > time:      1050.0000 step: 10.0000 [   1 trajectories]
 > time:      1060.0000 step: 10.0000 [   1 trajectories]
 > time:      1070.0000 step: 10.0000 [   1 trajectories]
 > time:      1080.0000 step: 10.0000 [   1 trajectories]
 > time:      1090.0000 step: 10.0000 [   1 trajectories]
 > time:      1100.0000 step: 10.0000 [   1 trajectories]
 > time:      1110.0000 step: 10.0000 [   1 trajectories]
 > time:      1120.0000 step: 10.0000 [   1 trajectories]
 > time:      1130.0000 step: 10.0000 [   1 trajectories]
 > time:      1140.0000 step: 10.0000 [   1 trajectories]
 > time:      1150.0000 step: 10.0000 [   1 trajectories]
 > time:      1160.0000 step: 10.0000 [   1 trajectories]
 > time:      1170.0000 step: 10.0000 [   1 trajectories]
 > time:      1180.0000 step: 10.0000 [   1 trajectories]
 > time:      1190.0000 step: 10.0000 [   1 trajectories]
 > time:      1200.0000 step: 10.0000 [   1 trajectories]
 > time:      1210.0000 step: 10.0000 [   1 trajectories]
 > time:      1220.0000 step: 10.0000 [   1 trajectories]
 > time:      1230.0000 step: 10.0000 [   1 trajectories]
 > time:      1240.0000 step: 10.0000 [   1 trajectories]
 > time:      1250.0000 step: 10.0000 [   1 trajectories]
 > time:      1260.0000 step: 10.0000 [   1 trajectories]
 > time:      1270.0000 step: 10.0000 [   1 trajectories]
 > time:      1280.0000 step: 10.0000 [   1 trajectories]
 > time:      1290.0000 step: 10.0000 [   1 trajectories]
 > time:      1300.0000 step: 10.0000 [   1 trajectories]
 > time:      1310.0000 step: 10.0000 [   1 trajectories]
 > time:      1320.0000 step: 10.0000 [   1 trajectories]
 > time:      1330.0000 step: 10.0000 [   1 trajectories]
 > time:      1340.0000 step: 10.0000 [   1 trajectories]
 > time:      1350.0000 step: 10.0000 [   1 trajectories]
 > time:      1360.0000 step: 10.0000 [   1 trajectories]
 > time:      1370.0000 step: 10.0000 [   1 trajectories]
 > time:      1380.0000 step: 10.0000 [   1 trajectories]
 > time:      1390.0000 step: 10.0000 [   1 trajectories]
 > time:      1400.0000 step: 10.0000 [   1 trajectories]
 > time:      1410.0000 step: 10.0000 [   1 trajectories]
 > time:      1420.0000 step: 10.0000 [   1 trajectories]
 > time:      1430.0000 step: 10.0000 [   1 trajectories]
 > time:      1440.0000 step: 10.0000 [   1 trajectories]
 > time:      1450.0000 step: 10.0000 [   1 trajectories]
 > time:      1460.0000 step: 10.0000 [   1 trajectories]
 > time:      1470.0000 step: 10.0000 [   1 trajectories]
 > time:      1480.0000 step: 10.0000 [   1 trajectories]
 > time:      1490.0000 step: 10.0000 [   1 trajectories]
 > time:      1500.0000 step: 10.0000 [   1 trajectories]
 > time:      1510.0000 step: 10.0000 [   1 trajectories]
 > time:      1520.0000 step: 10.0000 [   1 trajectories]
 > time:      1530.0000 step: 10.0000 [   1 trajectories]
 > time:      1540.0000 step: 10.0000 [   1 trajectories]
 > time:      1550.0000 step: 10.0000 [   1 trajectories]
 > time:      1560.0000 step: 10.0000 [   1 trajectories]
 > time:      1570.0000 step: 10.0000 [   1 trajectories]
 > time:      1580.0000 step: 10.0000 [   1 trajectories]
 > time:      1590.0000 step: 10.0000 [   1 trajectories]
 > time:      1600.0000 step: 10.0000 [   1 trajectories]
 > time:      1610.0000 step: 10.0000 [   1 trajectories]
 > time:      1620.0000 step: 10.0000 [   1 trajectories]
 > time:      1630.0000 step: 10.0000 [   1 trajectories]
 > time:      1640.0000 step: 10.0000 [   1 trajectories]
 > time:      1650.0000 step: 10.0000 [   1 trajectories]
 > time:      1660.0000 step: 10.0000 [   1 trajectories]
 > time:      1670.0000 step: 10.0000 [   1 trajectories]
 > time:      1680.0000 step: 10.0000 [   1 trajectories]
 > time:      1690.0000 step: 10.0000 [   1 trajectories]
 > time:      1700.0000 step: 10.0000 [   1 trajectories]
 > time:      1710.0000 step: 10.0000 [   1 trajectories]
 > time:      1720.0000 step: 10.0000 [   1 trajectories]
 > time:      1730.0000 step: 10.0000 [   1 trajectories]
 > time:      1740.0000 step: 10.0000 [   1 trajectories]
 > time:      1750.0000 step: 10.0000 [   1 trajectories]
 > time:      1760.0000 step: 10.0000 [   1 trajectories]
 > time:      1770.0000 step: 10.0000 [   1 trajectories]
 > time:      1780.0000 step: 10.0000 [   1 trajectories]
 > time:      1790.0000 step: 10.0000 [   1 trajectories]
 > time:      1800.0000 step: 10.0000 [   1 trajectories]
 > time:      1810.0000 step: 10.0000 [   1 trajectories]
 > time:      1820.0000 step: 10.0000 [   1 trajectories]
 > time:      1830.0000 step: 10.0000 [   1 trajectories]
 > time:      1840.0000 step: 10.0000 [   1 trajectories]
 > time:      1850.0000 step: 10.0000 [   1 trajectories]
 > time:      1860.0000 step: 10.0000 [   1 trajectories]
 > time:      1870.0000 step: 10.0000 [   1 trajectories]
 > time:      1880.0000 step: 10.0000 [   1 trajectories]
 > time:      1890.0000 step: 10.0000 [   1 trajectories]
 > time:      1900.0000 step: 10.0000 [   1 trajectories]
 > time:      1910.0000 step: 10.0000 [   1 trajectories]
 > time:      1920.0000 step: 10.0000 [   1 trajectories]
 > time:      1930.0000 step: 10.0000 [   1 trajectories]
 > time:      1940.0000 step: 10.0000 [   1 trajectories]
 > time:      1950.0000 step: 10.0000 [   1 trajectories]
 > time:      1960.0000 step: 10.0000 [   1 trajectories]
 > time:      1970.0000 step: 10.0000 [   1 trajectories]
 > time:      1980.0000 step: 10.0000 [   1 trajectories]
 > time:      1990.0000 step: 10.0000 [   1 trajectories]
 > time:      2000.0000 step: 10.0000 [   1 trajectories]
 > time:      2010.0000 step: 10.0000 [   1 trajectories]
 > time:      2020.0000 step: 10.0000 [   1 trajectories]
 > time:      2030.0000 step: 10.0000 [   1 trajectories]
 > time:      2040.0000 step: 10.0000 [   1 trajectories]
 > time:      2050.0000 step: 10.0000 [   1 trajectories]
 > time:      2060.0000 step: 10.0000 [   1 trajectories]
 > time:      2070.0000 step: 10.0000 [   1 trajectories]
 > time:      2080.0000 step: 10.0000 [   1 trajectories]
 > time:      2090.0000 step: 10.0000 [   1 trajectories]
 > time:      2100.0000 step: 10.0000 [   1 trajectories]
 > time:      2110.0000 step: 10.0000 [   1 trajectories]
 > time:      2120.0000 step: 10.0000 [   1 trajectories]
 > time:      2130.0000 step: 10.0000 [   1 trajectories]
 > time:      2140.0000 step: 10.0000 [   1 trajectories]
 > time:      2150.0000 step: 10.0000 [   1 trajectories]
 > time:      2160.0000 step: 10.0000 [   1 trajectories]
 > time:      2170.0000 step: 10.0000 [   1 trajectories]
 > time:      2180.0000 step: 10.0000 [   1 trajectories]
 > time:      2190.0000 step: 10.0000 [   1 trajectories]
 > time:      2200.0000 step: 10.0000 [   1 trajectories]
 > time:      2210.0000 step: 10.0000 [   1 trajectories]
 > time:      2220.0000 step: 10.0000 [   1 trajectories]
 > time:      2230.0000 step: 10.0000 [   1 trajectories]
 > time:      2240.0000 step: 10.0000 [   1 trajectories]
 > time:      2250.0000 step: 10.0000 [   1 trajectories]
 > time:      2260.0000 step: 10.0000 [   1 trajectories]
 > time:      2270.0000 step: 10.0000 [   1 trajectories]
 > time:      2280.0000 step: 10.0000 [   1 trajectories]
 > time:      2290.0000 step: 10.0000 [   1 trajectories]
 > time:      2300.0000 step: 10.0000 [   1 trajectories]
 > time:      2310.0000 step: 10.0000 [   1 trajectories]
 > time:      2320.0000 step: 10.0000 [   1 trajectories]
 > time:      2330.0000 step: 10.0000 [   1 trajectories]
 > time:      2340.0000 step: 10.0000 [   1 trajectories]
 > time:      2350.0000 step: 10.0000 [   1 trajectories]
 > time:      2360.0000 step: 10.0000 [   1 trajectories]
 > time:      2370.0000 step: 10.0000 [   1 trajectories]
 > time:      2380.0000 step: 10.0000 [   1 trajectories]
 > time:      2390.0000 step: 10.0000 [   1 trajectories]
 > time:      2400.0000 step: 10.0000 [   1 trajectories]
 > time:      2410.0000 step: 10.0000 [   1 trajectories]
 > time:      2420.0000 step: 10.0000 [   1 trajectories]
 > time:      2430.0000 step: 10.0000 [   1 trajectories]
 > time:      2440.0000 step: 10.0000 [   1 trajectories]
 > time:      2450.0000 step: 10.0000 [   1 trajectories]
 > time:      2460.0000 step: 10.0000 [   1 trajectories]
 > time:      2470.0000 step: 10.0000 [   1 trajectories]
 > time:      2480.0000 step: 10.0000 [   1 trajectories]
 > time:      2490.0000 step: 10.0000 [   1 trajectories]
 > time:      2500.0000 step: 10.0000 [   1 trajectories]
 > time:      2510.0000 step: 10.0000 [   1 trajectories]
 > time:      2520.0000 step: 10.0000 [   1 trajectories]
 > time:      2530.0000 step: 10.0000 [   1 trajectories]
 > time:      2540.0000 step: 10.0000 [   1 trajectories]
 > time:      2550.0000 step: 10.0000 [   1 trajectories]
 > time:      2560.0000 step: 10.0000 [   1 trajectories]
 > time:      2570.0000 step: 10.0000 [   1 trajectories]
 > time:      2580.0000 step: 10.0000 [   1 trajectories]
 > time:      2590.0000 step: 10.0000 [   1 trajectories]
 > time:      2600.0000 step: 10.0000 [   1 trajectories]
 > time:      2610.0000 step: 10.0000 [   1 trajectories]
 > time:      2620.0000 step: 10.0000 [   1 trajectories]
 > time:      2630.0000 step: 10.0000 [   1 trajectories]
 > time:      2640.0000 step: 10.0000 [   1 trajectories]
 > time:      2650.0000 step: 10.0000 [   1 trajectories]
 > time:      2660.0000 step: 10.0000 [   1 trajectories]
 > time:      2670.0000 step: 10.0000 [   1 trajectories]
 > time:      2680.0000 step: 10.0000 [   1 trajectories]
 > time:      2690.0000 step: 10.0000 [   1 trajectories]
 > time:      2700.0000 step: 10.0000 [   1 trajectories]
 > time:      2710.0000 step: 10.0000 [   1 trajectories]
 > time:      2720.0000 step: 10.0000 [   1 trajectories]
 > time:      2730.0000 step: 10.0000 [   1 trajectories]
 > time:      2740.0000 step: 10.0000 [   1 trajectories]
 > time:      2750.0000 step: 10.0000 [   1 trajectories]
 > time:      2760.0000 step: 10.0000 [   1 trajectories]
 > time:      2770.0000 step: 10.0000 [   1 trajectories]
 > time:      2780.0000 step: 10.0000 [   1 trajectories]
 > time:      2790.0000 step: 10.0000 [   1 trajectories]
 > time:      2800.0000 step: 10.0000 [   1 trajectories]
 > time:      2810.0000 step: 10.0000 [   1 trajectories]
 > time:      2820.0000 step: 10.0000 [   1 trajectories]
 > time:      2830.0000 step: 10.0000 [   1 trajectories]
 > time:      2840.0000 step: 10.0000 [   1 trajectories]
 > time:      2850.0000 step: 10.0000 [   1 trajectories]
 > time:      2860.0000 step: 10.0000 [   1 trajectories]
 > time:      2870.0000 step: 10.0000 [   1 trajectories]
 > time:      2880.0000 step: 10.0000 [   1 trajectories]
 > time:      2890.0000 step: 10.0000 [   1 trajectories]
 > time:      2900.0000 step: 10.0000 [   1 trajectories]
 > time:      2910.0000 step: 10.0000 [   1 trajectories]
 > time:      2920.0000 step: 10.0000 [   1 trajectories]
 > time:      2930.0000 step: 10.0000 [   1 trajectories]
 > time:      2940.0000 step: 10.0000 [   1 trajectories]
 > time:      2950.0000 step: 10.0000 [   1 trajectories]
 > time:      2960.0000 step: 10.0000 [   1 trajectories]
 > time:      2970.0000 step: 10.0000 [   1 trajectories]
 > time:      2980.0000 step: 10.0000 [   1 trajectories]
 > time:      2990.0000 step: 10.0000 [   1 trajectories]
 > time:      3000.0000 step: 10.0000 [   1 trajectories]
 > time:      3010.0000 step: 10.0000 [   1 trajectories]
 > time:      3020.0000 step: 10.0000 [   1 trajectories]
 > time:      3030.0000 step: 10.0000 [   1 trajectories]
 > time:      3040.0000 step: 10.0000 [   1 trajectories]
 > time:      3050.0000 step: 10.0000 [   1 trajectories]
 > time:      3060.0000 step: 10.0000 [   1 trajectories]
 > time:      3070.0000 step: 10.0000 [   1 trajectories]
 > time:      3080.0000 step: 10.0000 [   1 trajectories]
 > time:      3090.0000 step: 10.0000 [   1 trajectories]
 > time:      3100.0000 step: 10.0000 [   1 trajectories]
 > time:      3110.0000 step: 10.0000 [   1 trajectories]
 > time:      3120.0000 step: 10.0000 [   1 trajectories]
 > time:      3130.0000 step: 10.0000 [   1 trajectories]
 > time:      3140.0000 step: 10.0000 [   1 trajectories]
 > time:      3150.0000 step: 10.0000 [   1 trajectories]
 > time:      3160.0000 step: 10.0000 [   1 trajectories]
 > time:      3170.0000 step: 10.0000 [   1 trajectories]
 > time:      3180.0000 step: 10.0000 [   1 trajectories]
 > time:      3190.0000 step: 10.0000 [   1 trajectories]
 > time:      3200.0000 step: 10.0000 [   1 trajectories]
 > time:      3210.0000 step: 10.0000 [   1 trajectories]
 > time:      3220.0000 step: 10.0000 [   1 trajectories]
 > time:      3230.0000 step: 10.0000 [   1 trajectories]
 > time:      3240.0000 step: 10.0000 [   1 trajectories]
 > time:      3250.0000 step: 10.0000 [   1 trajectories]
 > time:      3260.0000 step: 10.0000 [   1 trajectories]
 > time:      3270.0000 step: 10.0000 [   1 trajectories]
 > time:      3280.0000 step: 10.0000 [   1 trajectories]
 > time:      3290.0000 step: 10.0000 [   1 trajectories]
 > time:      3300.0000 step: 10.0000 [   1 trajectories]
 > time:      3310.0000 step: 10.0000 [   1 trajectories]
 > time:      3320.0000 step: 10.0000 [   1 trajectories]
 > time:      3330.0000 step: 10.0000 [   1 trajectories]
 > time:      3340.0000 step: 10.0000 [   1 trajectories]
 > time:      3350.0000 step: 10.0000 [   1 trajectories]
 > time:      3360.0000 step: 10.0000 [   1 trajectories]
 > time:      3370.0000 step: 10.0000 [   1 trajectories]
 > time:      3380.0000 step: 10.0000 [   1 trajectories]
